DNA -- HARMONIC MATERIAL

ME (Strand A):

[ 60, 64, 67 ][ 59, 62, 62 ][ 57, 60, 64 ][ 59, 62, 65 ][ 60, 60, 64 ][ 55, 59, 62 ][ 64, 64, 67 ][ 59, 59, 62 ][ 57, 60, 60 ][ 62, 62, 66 ][ 50, 53, 57 ][ 55, 59, 59 ][ 57, 60, 60 ][ 48, 52, 55 ][ 50, 53, 57 ][ 59, 59, 62 ][ 53, 54, 57 ][ 55, 55, 59 ][ 57, 57, 60 ][ 48, 52, 52 ][ 53, 54, 57 ]

ME (Strand B):

[ 70, 65, 70 ][ 58, 62, 58 ][ 55, 60, 65 ][ 62, 67, 63 ][ 60, 55, 60 ][ 58, 62, 58 ][ 65, 60, 65 ][ 58, 53, 58 ][ 50, 55, 60 ][ 58, 62, 58 ][ 46, 50, 55 ][ 53, 58, 53 ][ 55, 60, 55 ][ 43, 48, 53 ][ 46, 50, 55 ][ 58, 53, 58 ][ 50, 46, 51 ][ 43, 48, 53 ][ 46, 50, 55 ][ 38, 43, 48 ][ 50, 46, 51 ]


YOU (Strand A):

[ 67, 74 ][ 60, 67 ][ 69, 76 ][ 62, 69 ][ 72, 79 ][ 64, 72 ][ 74, 81 ][ 67, 74 ][ 76, 84 ][ 69, 76 ][ 79, 86 ][ 72, 79 ][ 81, 88 ][ 74, 81 ]

YOU (Strand B):

[ 60, 67 ][ 53, 60 ][ 62, 69 ][ 55, 62 ][ 65, 72 ][ 57, 65 ][ 67, 74 ][ 60, 67 ][ 69, 77 ][ 62, 69 ][ 72, 79 ][ 65, 72 ][ 74, 81 ][ 67, 74 ]

AGAIN ... 

ME A
[ [ 67, 67, 71 ], [ 62, 62, 66 ], [ 60, 64, 64 ], [ 59, 62, 65 ], [ 57, 60, 60 ], [ 59, 62, 62 ], [ 60, 64, 64 ], [ 52, 55, 59 ], [ 60, 60, 64 ], [ 55, 59, 62 ], [ 53, 57, 57 ], [ 55, 59, 59 ], [ 53, 57, 60 ], [ 55, 55, 59 ], [ 57, 57, 60 ], [ 55, 59, 59 ], [ 50, 53, 54 ], [ 55, 55, 59 ], [ 57, 57, 60 ], [ 52, 52, 55 ], [ 50, 53, 54 ] ]

ME B
[ [ 70, 65, 70 ], [ 58, 62, 58 ], [ 55, 60, 65 ], [ 62, 67, 63 ], [ 55, 60, 55 ], [ 62, 58, 63 ], [ 65, 60, 65 ], [ 53, 58, 53 ], [ 50, 55, 60 ], [ 53, 58, 62 ], [ 46, 50, 55 ], [ 58, 53, 58 ], [ 55, 60, 55 ], [ 48, 53, 48 ], [ 55, 51, 55 ], [ 58, 53, 58 ], [ 41, 46, 50 ], [ 43, 48, 53 ], [ 46, 50, 55 ], [ 38, 43, 48 ], [ 41, 46, 50 ] ]

YOU A
[ [ 67, 74 ], [ 60, 67 ], [ 69, 76 ], [ 62, 69 ], [ 72, 79 ], [ 64, 72 ], [ 74, 81 ], [ 67, 74 ], [ 76, 84 ], [ 69, 76 ], [ 79, 86 ], [ 72, 79 ], [ 81, 88 ], [ 74, 81 ] ]

YOU B
[ [ 60, 67 ], [ 53, 60 ], [ 62, 69 ], [ 55, 62 ], [ 65, 72 ], [ 57, 65 ], [ 67, 74 ], [ 60, 67 ], [ 69, 77 ], [ 62, 69 ], [ 72, 79 ], [ 65, 72 ], [ 74, 81 ], [ 67, 74 ] ]

